			X1		X2		X3		X4		X5		X6		X7		
Z 	0,0000000 	4,0000000 	5,0000000 	9,0000000 	11,0000000 	0,0000000 	0,0000000 	0,0000000 	
X5	15,0000000 	1,0000000 	1,0000000 	1,0000000 	1,0000000 	1,0000000 	0,0000000 	0,0000000 	
X6	120,0000000 	7,0000000 	5,0000000 	3,0000000 	4,0000000 	0,0000000 	1,0000000 	0,0000000 	
X7	100,0000000 	3,0000000 	5,0000000 	10,0000000 	15,0000000 	0,0000000 	0,0000000 	1,0000000 	

			X1		X2		X3		X4		X5		X6		X7		
Z 	-73,3333333 	1,8000000 	1,3333333 	1,6666667 	0,0000000 	0,0000000 	0,0000000 	-0,7333333 	
X5	8,3333333 	0,8000000 	0,6666667 	0,3333333 	0,0000000 	1,0000000 	0,0000000 	-0,0666667 	
X6	93,3333333 	6,2000000 	3,6666667 	0,3333333 	0,0000000 	0,0000000 	1,0000000 	-0,2666667 	
X4	6,6666667 	0,2000000 	0,3333333 	0,6666667 	1,0000000 	0,0000000 	0,0000000 	0,0666667 	

			X1		X2		X3		X4		X5		X6		X7		
Z 	-92,0833333 	0,0000000 	-0,1666667 	0,9166667 	0,0000000 	-2,2500000 	0,0000000 	-0,5833333 	
X1	10,4166667 	1,0000000 	0,8333333 	0,4166667 	0,0000000 	1,2500000 	0,0000000 	-0,0833333 	
X6	28,7500000 	0,0000000 	-1,5000000 	-2,2500000 	0,0000000 	-7,7500000 	1,0000000 	0,2500000 	
X4	4,5833333 	0,0000000 	0,1666667 	0,5833333 	1,0000000 	-0,2500000 	0,0000000 	0,0833333 	

			X1		X2		X3		X4		X5		X6		X7		
Z 	-99,2857143 	0,0000000 	-0,4285714 	0,0000000 	-1,5714286 	-1,8571429 	0,0000000 	-0,7142857 	
X1	7,1428571 	1,0000000 	0,7142857 	0,0000000 	-0,7142857 	1,4285714 	0,0000000 	-0,1428571 	
X6	46,4285714 	0,0000000 	-0,8571429 	0,0000000 	3,8571429 	-8,7142857 	1,0000000 	0,5714286 	
X3	7,8571429 	0,0000000 	0,2857143 	1,0000000 	1,7142857 	-0,4285714 	0,0000000 	0,1428571 	
